SampleID	Mass_g	Date_Extracted	DNA_volume_ul	Raw_qubit_values_ng.ml	DNA_concentration_ng.ul	Mouse_number	Sex	Diet_group	Date	Weight_g	Fecal_MK4	Fecal_PK	Fecal_MK5	Fecal_MK6	Fecal_MK7	Fecal_MK8	Fecal_MK9	Fecal_MK10	Fecal_MK11	Fecal_MK12	Fecal_MK13	Liver_MK4	Liver_PK	Liver_MK9	Liver_MK10	Kidney_MK4	Kidney_PK	Brain_MK4	Heart_MK4	Heart_PK	Duo_MK4	Duo_PK	Duo_MK9
M102	0.046	12/22/2018	50	696	6.96	83	M	Combo	11/29/2017	38.18	2078.1	843.3	7.2	520.3	30.8	336	1690	1719.3	912.5	123.6	425.8	8.2	11.7	11.8	5.3	50.9	1.8	55.6	98.4	ND	18.6	2.9	ND
M114	0.084	12/22/2018	50	707.5	7.075	85	M	Combo	11/30/2017	31.78	1319.7	557.8	ND	802.9	20.7	147.2	651	869.9	503.5	62.8	82	9.1	8.9	5.2	9.7	38	1.3	51.14	57	4.4	13	4.3	ND
M116	0.091	12/22/2018	50	567	5.67	86	M	Combo	12/5/2017	38.24	3284.5	831	5.9	493	24.8	313.8	1552.3	1987.7	852.7	85.3	110.2	6.6	9.4	13.1	19.5	50.3	1.6	57.84	70.5	ND	10.3	ND	ND
M117	0.099	12/22/2018	50	747	7.47	88	M	Combo	12/6/2017	35.46	2706.7	703.9	ND	694	136.1	191.4	900.8	1210	599	86.2	243	8.3	7.3	11.2	21	38.2	1.2	63.32	67.8	5.2	6.9	4.5	ND
M44	0.092	12/22/2018	50	530.5	5.305	87	M	Combo	12/5/2017	35.12	3085.1	712.4	ND	635.4	25.3	155.9	860.9	813.3	430.7	45.2	62	9.1	8.6	13.5	23	46.8	0	66.8	77.4	ND	14.5	4	ND
M58	0.066	12/22/2018	50	711.5	7.115	89	M	Combo	12/7/2017	32.87	2662.7	786.9	7.8	380.9	23.7	215.1	1201.4	1729.8	861	122.1	354.5	11.5	8.8	7.3	7.7	64.5	1.6	92.56	112.4	ND	12.5	ND	ND
M59	0.077	12/22/2018	50	568	5.68	90	M	Combo	12/7/2017	30.22	2923	820.7	7.1	391.5	49.6	227.9	946.7	1811.3	780.6	123.8	451.4	13	11.7	1.5	5.9	39.2	0	96.68	96.4	ND	21.6	5.1	ND
M80	0.031	12/22/2018	50	515	5.15	84	M	Combo	11/30/2017	33.51	1346.2	672.4	12.8	1521.9	24.5	267.5	1275.8	1719.5	701.5	133.3	475	8.4	11.7	4.2	7.4	45.8	2	80.1	70.5	5	15.3	4.7	ND
M86	0.029	12/22/2018	50	584	5.84	81	M	Combo		36.32	1650.7	636	ND	228.8	21.4	116.2	676.1	999.2	523.2	67.7	53.9	12.9	7.8	8.7	2.9	36.5	1.8	59.1	139.1	4	9.3	ND	ND
M89	0.07	12/22/2018	50	530	5.3	82	M	Combo		30.21	884.8	456.8	6.6	664.2	8.3	85.3	696.1	886.4	497.3	73.3	140.9	10.3	13.1	1.3	1.2	41	2	62	94.9	2.8	13.2	4.8	ND
M108	0.151	12/22/2018	50	746	7.46	47	M	MK4	12/5/2017	36.18	2237.4	ND	ND	886.3	66.5	217.2	318	940.2	545.1	59	236.5	8.3	4.2	5.2	14.3	62.3	0.9	69.6	78	ND	32.9	ND	ND
M110	0.194	12/22/2018	50	619.5	6.195	46	M	MK4	12/5/2017	31.7	1649.2	ND	ND	1235.3	390.3	73.8	62.2	282.8	159.9	29.7	96	17.1	4.1	2	6.1	54.6	1	65.87	66.4	ND	33.5	ND	ND
M111	0.158	12/22/2018	50	546.5	5.465	44	M	MK4	11/30/2017	39.9	1925.3	ND	ND	432.2	10.6	146.7	208.5	821.1	470.4	68.6	241.6	11.5	4.2	3.1	11.2	57.3	1	97.5	123.9	ND	12	ND	ND
M16	0.159	12/21/2018	50	653	6.53	49	M	MK4	12/7/2017	30.85	2680	ND	7.6	351.9	112.4	343.1	431.9	1835.3	982.2	153.2	531.7	15.1	5.6	8.5	20.3	44.6	0	74.12	86.4	ND	13.9	ND	ND
M24	0.086	12/22/2018	50	671	6.71	48	M	MK4	12/6/2017	34.32	2164.4	ND	5.1	548.6	29.2	282.9	373.8	1326.7	743.4	101.6	339.8	13.2	4.3	14.9	13	38.5	0	74.48	76.04	ND	22.2	ND	ND
M34	0.132	12/22/2018	50	610.5	6.105	50	M	MK4	12/7/2017	32.9	2528	ND	5.5	671.7	24.1	180	329.8	982.7	534.5	57.8	118	14.2	4.8	11.5	14.2	49.8	0	80.75	133.7	ND	16.3	ND	ND
M61	0.104	12/22/2018	50	589.5	5.895	41	M	MK4		37.94	2085.7	ND	ND	411.6	40.5	333	421.2	1892.4	928.3	129.7	494.8	17.9	5.1	0	2.3	46.3	1	51.5	125.3	ND	41.5	ND	ND
M63	0.101	12/22/2018	50	496	4.96	42	M	MK4		31.94	1623	ND	ND	245.8	24	208.1	97.9	1006.6	514.4	91.5	45.9	27.1	5.4	0	4.2	51.6	0.8	61.5	128.3	ND	41	ND	ND
M64	0.23	12/22/2018	50	739	7.39	45	M	MK4	11/30/2017	38.2	2080.4	ND	15.7	1004.1	38.9	404.2	628.9	1937.3	1291.2	243	919.7	14.7	5.2	6.5	11.5	46.2	0.8	46.53	119.5	ND	19.5	ND	ND
M67	0.135	12/22/2018	50	583	5.83	43	M	MK4	11/29/2017	31.13	1826.8	ND	13.4	981.5	40.7	274.5	429	1865.1	1022.4	141.9	472.2	18.2	4.8	0	1.6	57.4	0.9	55.2	48	ND	40.1	ND	ND
M100	0.162	12/22/2018	50	595	5.95	66	M	MK9	12/5/2017	31.75	2088.1	ND	ND	471.4	45.8	276.4	3093.7	1074.9	529.9	57.5	92.7	6.4	3.7	11.5	22.5	46.9	1.2	69	62.6	ND	11.7	ND	ND
M107	0.108	12/22/2018	50	655.5	6.555	69	M	MK9	12/7/2017	33.1	2527.1	ND	13.1	1150.3	18.4	220.4	3892.1	1282.9	632.3	97.5	312.6	8.1	4.9	20.5	14.6	57.3	0	72.83	117.5	ND	7.9	ND	ND
M14	0.098	12/21/2018	50	652	6.52	68	M	MK9	12/6/2017	30.49	2608.2	ND	7.5	1178.9	39.8	260.3	3682.4	1705.4	844.5	108	60.5	5.5	4.3	20.8	59.9	38.7	0	73.42	60.3	ND	7.8	ND	5.3
M32	0.062	12/22/2018	50	649.5	6.495	67	M	MK9	12/5/2017	35.89	1324.2	ND	ND	154.3	10.7	67.9	1557.4	413.7	287.2	47.8	118.4	6.3	4.1	15	5.4	52.4	1.2	68.68	63.5	ND	5.2	ND	5.1
M38	0.132	12/22/2018	50	546.5	5.465	64	M	MK9	11/30/2017	32.15	1157	ND	ND	419.4	16.2	143.9	2092.5	663.1	430.6	71.4	324.3	6.9	4.4	14.8	7.4	51.6	0.8	66.2	95.4	ND	11.7	ND	ND
M5	0.096	12/21/2018	50	527	5.27	65	M	MK9	11/30/2017	39.39	1830.2	ND	9.5	966.7	40.1	392.2	4760.7	1662	834.4	68.7	33	8.3	4.6	44.3	11.4	40.1	0.7	46.14	79.5	ND	12.9	ND	14.3
M74	0.065	12/22/2018	50	609	6.09	70	M	MK9	12/7/2017	34.22	2526.4	ND	9	615.6	84.2	331.7	4272.3	1889.6	967.5	123.1	395.9	7	5.3	11.7	7.6	63	0	88.12	85.5	ND	10.1	ND	ND
M75	0.029	12/22/2018	50	748	7.48	61	M	MK9		37.5	2589.2	ND	12	780.9	33.7	493.9	5713.7	4141.8	1769.1	214.3	534.2	8.5	4.7	13.4	2.7	43.5	0.8	54.3	ND	ND	8.9	ND	28.1
M9	0.142	12/21/2018	50	525.5	5.255	63	M	MK9	11/29/2017	36.36	1085.5	ND	5.1	835.6	22.4	189.8	2705.5	1123.5	567.1	92.7	307.6	8	5.2	10.3	2.3	0	0.8	54	78.9	ND	24.2	ND	ND
M15	0.215	12/21/2018	50	686.5	6.865	27	M	PK	12/5/2017	31.01	2180.2	2573.5	ND	412.8	160.6	223.4	251.1	1071.4	591.7	60	108.8	8.7	42.6	9.8	16.2	58.3	5.8	86.75	56.3	21.1	11.7	27.4	ND
M22	0.101	12/21/2018	50	515.5	5.155	26	M	PK	12/5/2017	27.72	1491.3	1780	ND	193.3	20.9	56.8	65.8	423.2	250.4	39.1	80.8	12.1	32.1	1.3	6.4	55.9	4.5	92.33	96.2	15.4	15.5	18.5	ND
M27	0.152	12/22/2018	50	579	5.79	24	M	PK	11/30/2017	30.81	1636.6	2746	9.6	698.3	27.7	287.5	360.3	2088.4	1004.1	105.6	68	11.6	33	0	6.7	50.8	4.6	97.1	114.9	18	19.3	30.3	ND
M36	0.134	12/22/2018	50	658.5	6.585	25	M	PK	11/30/2017	35.63	1723.1	2572.1	6.9	602.6	31	251.3	427.8	1480.4	942.7	97.5	272.2	7.6	16.3	4.3	11.2	47.5	3.7	50.65	84.9	12.1	13.1	17.4	ND
M41	0.116	12/22/2018	50	640	6.4	28	M	PK	12/6/2017	35.45	1812.5	2041.4	5.2	443	27	189.3	277	944.4	807	155.5	333.6	6.8	27.4	21.5	26.4	41.6	5.1	100.11	69.9	23.4	8.7	13	ND
M46	0.165	12/22/2018	50	708	7.08	29	M	PK	12/7/2017	33.74	1668.5	2295.9	10.7	1438.1	41.5	304.8	471.8	1421.2	832.4	103.9	350.3	15.5	33.1	7	13.1	55	2.5	76.18	90.4	14.8	17.6	18	ND
M60	0.123	12/22/2018	50	656	6.56	21	M	PK		32.6	2114.6	2131.6	7.1	797.7	58.1	518.4	385.2	2597.6	1249.5	125.3	197.5	13.7	54.7	3.6	4.3	49.2	4.9	55.6	92.2	14	11.8	22.9	ND
M7	0.085	12/21/2018	50	633.5	6.335	30	M	PK	12/7/2017	38.33	2684.8	2198.7	5.1	793.8	67.8	253.3	398.5	1107.9	757.2	62.6	129.5	10.1	28.2	13.6	10.4	37.4	1.6	89.39	85.43	12.2	10.5	18.6	ND
M94	0.11	12/22/2018	50	596	5.96	22	M	PK		37.63	864.4	1383.2	ND	535.5	14.6	181.1	251.2	1043.7	516.7	58.8	180.2	7.4	20.7	0	4.3	35.4	3.4	69.3	130.9	11.4	10.8	21.7	ND
M99	0.094	12/22/2018	50	568.5	5.685	23	M	PK	11/29/2017	30.72	897.3	1474.5	ND	430.5	141.6	220.5	291.8	829.6	433.4	42.3	64.4	9.2	27.8	0.8	1.8	56.4	5.2	55.6	56.4	ND	8.4	35.1	ND
M42	0.113	12/22/2018	50	685	6.85	103	M	Pork	11/29/2017	31.96	697.6	ND	ND	429.7	109.3	89.6	133.5	393.2	214	34.3	144.8	2.8	4	1.7	15.1	0	0.9	5.4	79.6	ND	1.2	ND	ND
M43	0.122	12/21/2018	50	561	5.61	105	M	Pork	11/30/2017	38.52	1817.7	ND	ND	526.2	29.9	161.7	217.4	1219.4	609.9	62.7	188.6	3.1	4.4	3.6	19.3	0	0.8	11.13	57.5	ND	0.9	ND	ND
M45	0.045	12/22/2018	50	554	5.54	106	M	Pork	12/5/2017	35.78	2901.3	ND	ND	171.2	9	144.1	218.8	950.4	447.5	42.5	48.4	3.3	4.2	13.4	64.7	46.1	0.8	14.91	75.4	ND	ND	ND	ND
M51	0.068	12/22/2018	50	672.5	6.725	109	M	Pork	12/7/2017	31.05	2118	ND	ND	313.5	14.9	224.4	383.6	1352.5	824.1	99.8	426.7	5.6	5.3	2.5	25.1	26	0	15.09	107.6	ND	ND	ND	ND
M53	0.113	12/22/2018	50	562.5	5.625	110	M	Pork	12/7/2017	32.14	1164.3	ND	ND	426.7	6.1	105.8	179.4	423.6	306.8	46.1	272.1	2.8	4.4	3.9	31.6	29	0	14.4	82.9	ND	ND	ND	ND
M68	0.101	12/21/2018	50	594	5.94	104	M	Pork	11/30/2017	37.53	1412.9	ND	ND	411.2	14.4	278.1	485.3	1656.4	689.7	112.1	385.7	2.8	4.1	3.8	24.1	0	0.9	6.4	56.8	ND	1.1	ND	ND
M81	0.108	12/22/2018	50	629.5	6.295	108	M	Pork	12/6/2017	38.04	3200.4	ND	ND	219.2	5.8	159.7	212.2	1255.3	563.2	76.4	246.1	3.2	4.3	3.1	21.6	33.9	0	15.34	77.1	ND	ND	ND	ND
M82	0.096	12/22/2018	50	557.5	5.575	107	M	Pork	12/5/2017	34.36	2786.5	ND	ND	63.7	6	172.3	222	893.8	445.7	72.1	318	2.8	4.3	69.4	85.8	36.3	0.8	5.6	55.1	ND	ND	ND	ND
M92	0.027	12/22/2018	50	743	7.43	102	M	Pork		33.72	1376.1	ND	ND	199.2	16.6	181.8	303.2	1151.8	662.7	96.2	294.5	3.6	4.3	0	7.9	24.2	0.8	7.8	45.8	ND	0.9	ND	ND
M96	0.075	12/22/2018	50	659	6.59	101	M	Pork		29.74	1949.5	ND	ND	478.4	7.1	54.5	88.9	516.9	274.2	70.9	278.5	2.4	4.2	0.5	7.4	2.3	0.5	10.2	108.6	ND	1.5	ND	ND
M113	0.109	12/22/2018	50	646.5	6.465	5	M	VKdef	11/30/2017	34.6	1073.7	ND	ND	522.3	121	123.8	71.3	512	305.8	33	67.7	1.8	3.7	9.2	6.2	0	0.8	4.46	85.2	ND	1.3	ND	ND
M6	0.1	12/21/2018	50	662.5	6.625	9	M	VKdef		30.71	1440.9	ND	9.1	1407.5	32	338.7	504.5	1413.1	854.9	136.3	736.7	1.5	4.5	2.2	4.6	33	0	1.14	92.87	ND	NA	NA	NA
M66	0.118	12/22/2018	50	629	6.29	7	M	VKdef	12/5/2017	36.45	1902.3	ND	ND	201	10.4	128.1	140.6	481.3	278.4	37.4	155.1	2.1	4.9	2	6.2	29.3	1.2	2.8	46.6	ND	1.1	ND	ND
M72	0.13	12/22/2018	50	643.5	6.435	6	M	VKdef	12/5/2017	36.34	2031.3	ND	ND	909.3	72.2	110.7	158.4	635.9	386.2	31.4	32.1	1.8	3.8	9.8	14.3	27.4	0	4.62	72.5	ND	ND	ND	ND
M76	0.048	12/22/2018	50	613.5	6.135	2	M	VKdef		36.88	1324.6	ND	8.2	1808.6	24.6	282.5	341.7	1705.7	787.1	122.5	566.7	2.8	5.4	5.2	4.9	0	0.8	5.54	69.6	ND	4.6	ND	ND
M78	0.043	12/22/2018	50	572.5	5.725	8	M	VKdef	12/6/2017	33.9	1440.7	ND	10.7	1085	31.5	318.8	528.8	1749.6	928.6	111.4	315.8	1.1	4.6	3.4	7.5	40.4	0.8	4.03	50.8	ND	ND	2.6	ND
M8	0.23	12/21/2018	50	518	5.18	1	M	VKdef		36.57	858.6	ND	ND	2049	15.4	79.4	100.4	563.8	282.2	20.4	49.9	3.7	4.3	6.6	13.1	20.6	0.5	3.32	71.2	ND	ND	ND	ND
M87	0.057	12/22/2018	50	642.5	6.425	4	M	VKdef	11/30/2017	29.87	1391.5	ND	ND	840.1	32.2	165.8	203.3	1220.7	585.3	82.3	376.9	1.6	4.2	1.7	6.3	0	0.6	3.5	76.1	ND	ND	ND	ND
M103	0.062	12/22/2018	50	712	7.12	95	F	Combo	12/1/2017	25.59	1778.6	892.5	5.6	507.7	55.4	244.1	1598.1	968.5	551.4	58.9	44.4	28	22.4	46.5	5.6	234.5	4	247.96	184.6	8.5	42.4	8.4	ND
M18	0.139	12/21/2018	50	734.5	7.345	92	F	Combo	11/29/2017	25.07	1689.1	765.4	7.3	549.8	137.7	501.7	2072	1909.1	871.3	89.5	56.9	41.1	23.6	60.5	11.6	281.7	5.7	312.4	193.4	11.1	51.9	10.9	6.5
M20	0.007	12/22/2018	50	618.5	6.185	93	F	Combo	11/29/2017	32.78	1897.7	977.1	10.7	638.3	172.6	623.7	2288.2	2128.7	1182.1	122.5	107.3	30.8	15.8	43.4	17.3	209.9	3.5	302.9	226.5	8.6	24.6	2.4	ND
M29	0.05	12/22/2018	50	702.5	7.025	96	F	Combo	12/5/2017	23.75	3537.4	1181.3	21.2	1346.1	159.2	680.8	2946.2	2386.4	1075	93	36.2	30.8	35.4	52.3	27.9	184.3	3.7	258.42	194.8	ND	26.6	12.7	7
M39	0.105	12/22/2018	50	657.5	6.575	97	F	Combo	12/6/2017	27.72	2434.6	799.8	5.3	568.1	27.3	139	1019.3	902.2	393.5	41.6	24.9	29.4	22.7	20.9	11.2	219.2	2	387.65	186.3	7.3	43.2	19.8	6.2
M40	0.142	12/22/2018	50	517.5	5.175	98	F	Combo	12/6/2017	24.02	3586.7	1157.9	17.3	1613.7	236.8	400.7	2509.7	2371.9	1115.9	137.2	202.6	29.5	30.5	62	5.3	199.9	3.1	317.93	183.3	10.2	44.2	30.2	8.2
M48	0.043	12/22/2018	50	618.5	6.185	94	F	Combo	11/30/2017	24.67	1669	980.7	10.2	764.4	76.1	486	2322.3	2165.5	1119.8	153.9	347.5	33.1	21.2	38.5	3.6	262.4	3.3	433.1	196.3	9	56.3	15	ND
M77	0.048	12/22/2018	50	559	5.59	99	F	Combo	12/7/2017	21.04	2015.2	941.8	8.3	444.7	68.9	333.8	2078.2	1431.8	797.3	76.5	35	47.4	41.6	45.8	3.5	246.8	2.3	349.1	215.7	10.7	60.3	18.6	9.6
M91	0.076	12/22/2018	50	565.5	5.655	91	F	Combo		24.26	1258.9	729.4	6.1	258.5	109.9	239.1	1619.4	1425.3	818.7	96.4	240.6	34.3	40	65.5	1.3	251.8	6.6	304.1	206.8	7	71.6	13.2	5.5
M101	0.01	12/22/2018	50	744.5	7.445	52	F	MK4	11/29/2017	28.3	1717.6	ND	9.2	1474.9	34.5	116.1	109	717.6	483.5	51.6	73.2	60.9	4.8	0	1.4	315.3	0.9	292.7	137.7	ND	39.1	ND	ND
M26	0.093	12/22/2018	50	601.5	6.015	51	F	MK4		23.94	2061.7	ND	6.3	229.3	80.5	297.6	249.7	1404	718.2	70.5	91.1	49.9	7	0	3.2	238.6	1.1	298.1	238	ND	157.8	ND	ND
M28	0.063	12/22/2018	50	731	7.31	56	F	MK4	12/5/2017	23.27	1865.3	ND	ND	619.6	47.1	155.5	93.4	434	226.8	23.9	23.1	36	4.9	0.8	3.2	271.7	1	266.89	196.1	ND	44.9	ND	ND
M31	0.142	12/22/2018	50	720.5	7.205	55	F	MK4	12/1/2017	24.57	1801.5	ND	9.6	894.5	62.3	378.8	420.1	1771.2	1035.4	141.3	39.5	53.5	5.6	0.9	3.3	232.1	0.8	216.69	198.8	ND	54.7	ND	ND
M55	0.142	12/22/2018	50	710.5	7.105	53	F	MK4	11/29/2017	22.48	2514.5	ND	14.5	681.8	161.2	492.1	657.6	2788.4	1976.3	332.6	461.6	51.6	5.4	0	2	252.3	0.9	221.6	134.5	ND	31.9	ND	ND
M56	0.018	12/22/2018	50	531.5	5.315	59	F	MK4	12/7/2017	28.54	2274.7	ND	5.8	295.8	63.9	266.3	286.2	1349.5	676.5	56.9	20.7	57.7	7	5.6	28.2	208.2	0	269.18	255.2	ND	39.4	ND	ND
M65	0.099	12/22/2018	50	647	6.47	54	F	MK4	11/30/2017	28.02	2428.9	ND	16.7	1122.1	128.1	595.1	820.2	2610.1	1638.6	170.2	414.5	32.9	4.5	0	13.1	230.8	1.1	282.7	204.5	ND	38.6	ND	ND
M69	0.134	12/22/2018	50	687.5	6.875	60	F	MK4	12/6/2017	21.32	1945.6	ND	9.8	588.2	163.5	494.1	402.9	1275.6	661.1	85.6	86.9	85.1	6.8	1.3	3.4	202.7	0	291	206.9	ND	60.2	ND	ND
M71	0.099	12/21/2018	50	604.5	6.045	57	F	MK4	12/6/2017	21.82	2276.3	ND	8.8	558.2	172	334.1	420.8	2169.8	953.8	167.5	420.9	36.5	5.7	5.1	38.9	193.2	0	314.78	165.3	ND	29.2	ND	ND
M90	0.103	12/22/2018	50	703.5	7.035	58	F	MK4	12/6/2017	22.68	3030.1	ND	6.4	364.6	132	267.9	292.2	1318.5	596.2	86	230.1	42.1	5	2	21.1	205.8	0	344.39	178.4	ND	50.1	ND	ND
M10	0.107	12/22/2018	50	743.5	7.435	73	F	MK9	11/29/2017	28.04	1579	ND	10	673	50.4	396.5	7232.4	2301.7	1175.7	107.5	137.6	27.1	5.6	151.4	2.6	297.2	1.4	300	218.1	ND	33.9	ND	ND
M25	0.131	12/22/2018	50	747	7.47	80	F	MK9	12/6/2017	23.18	1626.4	ND	11.7	1052.5	90.3	421.7	6783.9	1307.5	829.8	84	152.4	39.5	5.4	217.6	2.3	217	0	329.08	151.7	ND	45.5	ND	20.5
M37	0.165	12/22/2018	50	738.5	7.385	76	F	MK9	12/5/2017	21.02	1842.6	ND	ND	271.8	32.4	320.1	6891.9	1826.6	806.9	118.8	266.4	25.1	5.2	318.9	8.7	205.5	0.9	238.16	140.9	ND	15.2	ND	21.5
M49	0.129	12/22/2018	50	588.5	5.885	78	F	MK9	12/6/2017	26.7	2104.1	ND	15.8	1062.1	78.9	453.1	5737	2281.6	1183.6	213.1	159.6	17.1	4.8	200.7	8.7	193.8	0	281.73	149.9	ND	39.2	ND	27.8
M52	0.178	12/21/2018	50	578.5	5.785	74	F	MK9	11/30/2017	24.18	1353.9	ND	15.2	1315.6	101.1	613.3	5938.4	2717.5	1254.9	178.1	321.6	26.5	4.5	191.8	15.7	256.2	1.1	328.1	164.6	ND	54.7	ND	17
M62	0.088	12/22/2018	50	555	5.55	79	F	MK9	12/7/2017	21.72	2394.1	ND	9.6	588.7	103.4	473.2	7294.1	2266	1208.1	104.3	177.3	43.7	7.2	297.6	7.7	244.4	0	286.98	184.9	ND	19.8	ND	10.4
M70	0.093	12/22/2018	50	727	7.27	75	F	MK9	12/1/2017	30.88	1796.4	ND	9.3	562.9	83.3	368.5	4811.3	1576.4	867.2	81.1	45.6	25.1	5.2	126.6	2.8	225.7	1	286.3	184.9	ND	23.4	ND	11.2
M84	0.095	12/21/2018	50	684.5	6.845	71	F	MK9		24.16	1678.7	ND	ND	264.2	36.3	153.7	3474.9	781.8	436.9	46.7	41.6	44.5	5.7	320.9	3.3	198.6	0.8	299.2	215.1	ND	49.1	ND	24.7
M98	0.1	12/22/2018	50	569	5.69	72	F	MK9	11/29/2017	24.89	1598.3	ND	7.8	446.5	52	432.7	5057.3	2075.1	1112.5	150.3	412.9	22.7	6.2	81	1.5	224	1.3	265.9	168.8	ND	36.7	ND	ND
M1	0.086	12/10/2018	50	739.5	7.395	34	F	PK	11/30/2017	26.09	1423.7	2932.6	14.7	1190.9	120.9	562.2	615.3	1910.6	1219.7	146.2	467.7	32.6	81.4	0	11.8	273	8.2	432.4	209.9	25.8	48.8	31.4	ND
M109	0.143	12/22/2018	50	577	5.77	37	F	PK	12/6/2017	23.72	1800	2502.2	8.3	534.2	59.8	365	403.6	1164.1	716.4	61	83.9	22	111.4	8.8	14.3	209.3	10.9	400.75	179.8	40.6	23.2	59.1	ND
M33	0.108	12/22/2018	50	638	6.38	40	F	PK	12/5/2017	22.8	2265.8	2603.4	ND	384.5	137.4	221.8	230.4	1153.6	826.9	168.6	75.1	45.2	105.8	0	2.6	276.6	9.1	372.57	194.8	40.9	28.5	39	ND
M35	0.171	12/22/2018	50	658	6.58	39	F	PK	12/6/2017	28.81	2101.1	2675.1	8.5	1017.1	89.4	234.2	282.7	1486.2	683.9	56.5	21.8	23	59.5	19.7	31.1	178.6	4.6	332.07	218.6	23.6	38.5	23	ND
M47	0.03	12/22/2018	50	605	6.05	38	F	PK	12/6/2017	24.52	1950.3	2713.2	18.4	926.4	213.8	597.8	671.8	2081.2	1152.9	142	435.7	23.2	60.9	6.7	30	207.9	8.8	318.66	152	26.6	40.2	37.3	ND
M50	0.134	12/22/2018	50	706	7.06	35	F	PK	12/1/2017	27.04	1650.7	3461.4	12.2	751.7	106.3	429.5	542.5	2442.2	1082.4	98.3	101.1	28.5	69.3	0.8	6.6	196.1	8.7	314.12	193.6	33	61.4	41.5	ND
M57	0.165	12/21/2018	50	650	6.5	31	F	PK		26.58	1362.6	2620	8.1	685.9	104.1	503.4	601.6	2071	1077.6	86.5	114.2	30.8	116.1	0	2.9	242.7	12.1	319.3	281.4	29	40.7	30.3	ND
M85	0.022	12/22/2018	50	647.5	6.475	32	F	PK	11/29/2017	26.19	1218	2729.1	7.2	497.9	73.2	279.2	323.3	957	624.2	51	70	29.5	126.9	0	1.6	333.9	16	374.2	89.8	15.6	65.4	84.8	ND
M95	0.069	12/22/2018	50	653.5	6.535	33	F	PK	11/29/2017	22.36	1009.1	2055	14.1	1461.7	42.2	241.4	276.1	1200.4	607.1	63.3	29.7	31.4	76.5	0	1.8	320.7	17.7	274.6	202.6	31.6	84	52.3	ND
M105	0.103	12/22/2018	50	577	5.77	111	F	Pork		25.16	918.5	ND	ND	539.7	125.9	521.9	720.2	2036.9	1161.8	133.3	586.6	5.9	5.4	0	5.6	54.8	1	35.7	75	ND	6.6	ND	ND
M106	0.119	12/22/2018	50	501.5	5.015	120	F	Pork	12/7/2017	24.69	1568.8	ND	ND	475.6	61.5	398.2	446.6	1272.6	733	107	184.4	9.2	5.6	0	12.3	101.7	0	31.71	115.3	ND	ND	ND	ND
M12	0.071	12/21/2018	50	616	6.16	115	F	Pork	12/1/2017	26.73	1393.7	ND	ND	349.3	54.4	446.9	408.3	1741.3	598.3	77	49.8	12.1	4	1	8.9	69.2	1.1	26.51	100.5	ND	6.5	ND	ND
M17	0.06	12/22/2018	50	509	5.09	118	F	Pork	12/6/2017	23.16	1428.7	ND	ND	403.9	151.9	435.5	638.7	1616.8	1111.7	156.6	593.1	5.1	5.7	0.5	31.1	60.4	0	42.35	88.6	ND	2.9	ND	ND
M23	0.091	12/22/2018	50	691	6.91	119	F	Pork	12/7/2017	28.57	1539.1	ND	ND	538.7	114	306.4	367.6	1083.1	672.3	63.7	113.9	7.5	5.6	2.5	31.3	69.7	0	33.47	101.2	ND	ND	ND	ND
M4	0.079	12/22/2018	50	585.5	5.855	112	F	Pork	11/29/2017	35.44	958.3	ND	ND	236.9	30.7	379.5	498.2	1695.2	813.2	100.9	376	5.2	3.6	3.8	19.6	81.6	0.9	37.6	141.8	ND	3.2	ND	ND
M54	0.101	12/21/2018	50	637.5	6.375	113	F	Pork	11/29/2017	27.36	964.6	ND	ND	175.2	40.3	248.2	322.9	1228.7	720.2	48.6	12.1	7.8	5	0	13	80.9	0.6	35.6	103.7	ND	3.5	ND	13.8
M73	0.105	12/22/2018	50	571	5.71	117	F	Pork	12/6/2017	22.74	1787.2	ND	ND	527.8	59.4	420.7	528.7	1637.9	810.1	95.7	268.8	6.2	4.7	1.7	52.5	65.6	0	25.78	99.6	ND	1.9	ND	ND
M79	0.138	12/10/2018	50	506	5.06	114	F	Pork	11/30/2017	26.89	1371	ND	ND	336.3	62	336.1	375.6	1441	702.2	105.7	341.7	5.6	4.8	0.8	22	74.1	1.3	50.3	86.8	ND	2.3	ND	ND
M97	0.076	12/22/2018	50	561	5.61	116	F	Pork	12/5/2017	25.72	3277.4	ND	7.2	803	46.2	472.7	543	1913.4	766.6	93.5	286.2	4.6	5	30.6	46.4	72.2	0.8	23.16	65.9	ND	ND	ND	ND
M104	0.065	12/22/2018	50	547.5	5.475	14	F	VKdef	11/30/2017	25.57	1546.6	ND	15.3	853.5	181.9	448.9	607.6	1801.2	1145.2	151.5	670.8	2.5	4.7	0	4.2	35.2	1.3	12.9	76.1	ND	1	2.6	ND
M11	0.168	12/21/2018	50	627.5	6.275	15	F	VKdef	12/1/2017	21.68	1514.7	ND	ND	397.5	85	256.9	262.1	1168.5	504.9	43.7	45.9	3.1	4.2	1	4.5	0	1.8	13.64	68.1	ND	1.5	ND	ND
M13	0.151	12/21/2018	50	533	5.33	19	F	VKdef	12/7/2017	26.39	1855.5	ND	17.9	1407	322.7	685.2	916.4	2080.7	1267.2	106.2	145.3	6.4	6.6	8	10	54.9	0	22.76	68.3	ND	3.7	2.3	ND
M19	0.135	12/21/2018	50	660	6.6	17	F	VKdef	12/6/2017	22.95	1515.1	ND	ND	719.8	63.4	137.1	115.1	477.6	358.6	32.7	18.4	3.1	5.7	8.2	44.3	73	0.8	15.13	75.5	ND	ND	3.1	ND
M2	0.096	12/22/2018	50	695.5	6.955	18	F	VKdef	12/6/2017	23.42	1366.7	ND	9	744.6	72	492.5	603.2	1764.4	1099.6	83.6	44.9	2.3	4.7	2.8	9	67.6	0.7	18.24	61.7	ND	ND	4.9	ND
M3	0.106	12/21/2018	50	628.5	6.285	20	F	VKdef	12/5/2017	22.2	2197.2	ND	12	1673.6	24.9	277.9	260.5	1096.2	583	63.7	24.9	4	6.7	0	3.7	58.9	0	14.44	61.1	ND	ND	ND	ND
M83	0.022	12/22/2018	50	544.5	5.445	11	F	VKdef		26.19	1846	ND	5.8	920.5	57.7	477.7	666.5	2330.2	1238	80.6	66.7	3.4	4.2	0	3.6	40.5	1.2	13.8	128.7	ND	3.8	ND	ND
M88	0.029	12/22/2018	50	671	6.71	12	F	VKdef	11/29/2017	27.18	920.7	ND	ND	204.8	46.3	142.1	66.1	506.3	331.3	31.9	81.7	3.8	7.6	0	0.9	46.4	1.3	15.9	243.4	ND	0.5	ND	ND
M93	0.103	12/22/2018	50	736.5	7.365	13	F	VKdef	11/29/2017	31.3	1694.5	ND	ND	439.1	32.9	280.8	458.2	1212.7	634.2	40.2	22.8	4.7	5.6	0	5.3	50.7	1	15.7	69.8	ND	1.5	ND	ND
